'''
У цій вправі ви створите програму, яка відображає таблицю множення, 
яка показує добутки всіх комбінацій цілих чисел від 1 раз 1 до 10 разів включно 10. 
Таблиця множення має містити рядок підписів угорі, 
що містять цифри від 1 до 10. 
Він також повинен включати мітки внизу ліворуч, 
що складаються з цифр від 1 до 10. 
Очікуваний результат від програми показаний нижче:

?       1	2	3	4	5	6	7	8	9	10
?   1	1	2	3	4	5	6	7	8	9	10
?   2	2	4	6	8	10	12	14	16	18	20
?   3	3	6	9	12	15	18	21	24	27	30
?   4	4	8	12	16	20	24	28	32	36	40
?   5	5	10	15	20	25	30	35	40	45	50
?   6	6	12	18	24	30	36	42	48	54	60
?   7	7	14	21	28	35	42	49	56	63	70
?   8	8	16	24	32	40	48	56	64	72	80
?   9	9	18	27	36	45	54	63	72	81	90
?   10	10	20	30	40	50	60	70	80	90 100

Виконуючи цю вправу, вам, ймовірно, буде корисно роздрукувати значення, 
не переходячи до наступного рядка. 
Це можна зробити за допомогою додавання end="" як останнього аргументу до вашої 
друкованої інструкції. Наприклад, print("A") відобразить букву A, 
а потім перейде вниз до наступного рядка. 
Оператор print("A", end="") відображатиме букву A, 
не переходячи вниз до наступного рядка, 
в результаті чого наступна оператор print відображатиме свій результат 
у тому ж рядку, що й буква A.

'''